RMSD between current and native structures
rmsd 		score
11.6470146179 50.4918890988
11.3329868317 49.2088424028
11.2386808395 49.31782638
10.6652698517 48.485779834
8.28617286682 46.2764230886
6.95648336411 42.7183052518
6.6983537674 42.0283207797
6.56641101837 41.5129312381
5.82489585876 39.0566671837
3.78766274452 32.6589266482
3.96889209747 32.8188190323
3.98675394058 30.1453755729
5.00983142853 29.4645520522
5.3697886467 32.4889682799
5.01228570938 29.3286375862
4.90891456604 29.1881919848
5.16691589355 27.7404015822
4.77199411392 27.1431187551
4.8270072937 27.6915560299
4.1887087822 29.8369859916
4.86296701431 26.9782040639
4.44559431076 27.9416010648
5.16679477692 30.2320176254
5.15968990326 29.7141826715
4.29673862457 29.5047835049
3.92381119728 26.790962074
4.05968523026 29.1781646708
5.11149835587 27.3554002332
4.3393611908 29.3322384168
4.55446863174 30.8890594898
5.0392947197 29.7311216936
5.50434350967 29.0159404351
5.26840782166 29.5959178885
5.9566783905 29.6934402161
5.70896100998 32.6876961318
5.97418212891 28.2781255702
6.70708036423 30.3450057003
5.18966245651 29.3632593175
5.40605783463 28.6191215213
4.87103557587 29.6955442961
6.27262687683 32.3943985411
6.58283376694 29.2886588857
6.5836315155 29.0845845918
5.33534383774 28.5345889336
4.97397756577 28.8280098763
4.5724196434 27.1200510462
4.76966285706 27.6776824029
6.1391377449 27.4515166596
5.63163900375 27.9062020674
5.69636297226 26.6876303835
6.19348192215 27.5029458609
5.72317934036 28.4951543729
5.58688735962 27.181666265
6.02519035339 27.7806778138
5.14241170883 25.8645768292
4.99399089813 25.231185345
5.04302549362 26.8498387458
5.76648569107 28.9239333728
5.35491609573 25.3698591946
6.01679849625 29.6119981803
5.32083177567 27.6253752902
5.26841163635 26.9110406499
5.4821972847 25.4186362327
4.58189296722 25.4643145792
5.65048837662 28.1140774557
5.24036836624 28.8213980761
4.9541349411 28.5065450669
5.3327794075 26.9951064851
5.08280754089 25.1414973445
5.19246339798 29.2637594194
5.56981229782 30.2405691942
4.84615039825 29.7280299683
4.98310422897 27.0574645067
5.02727460861 26.9086678723
4.72795057297 25.8686910687
4.83384847641 28.1531780875
5.6931643486 28.8003809249
5.74870634079 28.5809512223
6.21842193604 26.9355519678
5.15730237961 28.9288936544
5.73325252533 30.3147145359
5.57454967499 29.7263837671
5.82401990891 32.1471173915
5.67109489441 31.3685499787
5.14101076126 29.8173407102
5.16874599457 27.2357261497
5.14994096756 24.7561115335
5.17886257172 27.5602907693
5.85346126556 28.3490580766
5.86110210419 27.8401689109
6.33843231201 28.8989625094
6.31655263901 29.4804531259
5.61141824722 27.9475695649
6.43889379501 29.1518842587
6.00081777573 27.7138171139
5.80035209656 28.1082762761
6.39856624603 29.309554814
7.17975664139 34.2920239615
7.15280485153 33.9712499305
6.74315929413 32.8073461192
5.77427053452 31.795672898
4.14624261856 27.4197442827
4.05730438232 26.9232483119
4.08938550949 28.0524941366
4.99863624573 29.8876735273
3.9218506813 28.4025948989
4.27994537354 29.9994782739
4.42870807648 29.2681212694
4.67906665802 28.5543972215
4.4636464119 29.6127163251
6.33408117294 32.2857253337
4.70376968384 29.8619582746
4.30014705658 25.1267841095
3.97312688828 27.5491697268
3.29007911682 26.9895130132
3.66427636147 26.9094365
5.04650592804 31.9586168588
5.34851980209 32.5206448163
6.06232023239 33.6249169055
5.10674762726 29.4430245019
4.10909557343 26.7597440218
4.37704515457 27.7569091939
4.51044845581 26.5091991435
4.30050182343 25.5249013241
4.51431655884 25.5012365023
4.98004150391 25.7747021777
4.37957382202 28.5605725495
4.1337852478 28.2598138424
4.14052534103 24.5793400293
5.21025085449 28.8118090347
4.85362243652 28.2148856406
5.33473968506 30.1479884086
5.93988323212 28.5323217863
5.66915082932 29.14111059
5.56364154816 28.2059721821
4.89861965179 28.3574690448
5.25123310089 27.5621720157
4.83121538162 28.5876071819
5.16815137863 31.3227200714
5.20481109619 30.7974769777
5.94907188416 32.455725891
5.82560634613 32.3741452273
5.66952466965 33.4082049162
5.67077541351 32.3846200368
5.54282426834 31.5252068106
4.88377189636 30.4603461828
5.26668834686 32.7398995937
4.25188589096 28.5283252835
4.54518032074 26.1822294401
4.26267623901 24.8870714832
3.56108498573 24.2631665854
3.8376095295 26.5131512603
3.38024258614 24.9449131799
3.5681707859 28.1141290562
3.57455396652 26.3966007273
4.16030740738 25.907730173
4.22592973709 26.4996590397
3.64913773537 26.5833532237
3.8968474865 27.4177476622
3.87473082542 29.1066156435
3.9894080162 24.5252569315
4.2044506073 29.805151835
3.70974874496 29.4337514239
3.37104487419 29.5069655538
3.51410269737 29.2820997654
3.93053722382 30.4779572209
3.60033893585 29.0493054292
3.63806080818 30.0157772814
3.92216539383 31.4159361648
3.34305667877 29.8653567828
3.63106107712 30.1798553556
3.04858446121 30.9375406936
2.76729798317 28.0764741675
3.46164107323 31.1821260704
4.10629653931 32.1590873189
3.99787807465 30.8025054034
4.355656147 31.9950315404
3.67435598373 30.6482575842
3.6143643856 28.947323203
3.27030420303 28.3706812073
3.78627538681 28.2953554778
4.11111354828 28.8840533842
3.39160084724 26.5102033309
3.59134244919 30.6487746959
3.22446751595 28.8536592209
3.99630975723 32.9777695492
3.22781562805 29.9377633651
3.56315040588 30.524915266
3.68904566765 29.7586355601
3.57191824913 28.6014998916
4.71235895157 33.4818713596
4.04186201096 26.7997918375
4.01400756836 29.2700161747
3.19320869446 25.3449355319
3.2836971283 29.0439470786
3.43055653572 28.5991012167
3.35340356827 28.2869243117
3.47510910034 29.0980073748
3.57871675491 27.7974223974
3.68084597588 26.9261512055
4.39110374451 30.5927656988
4.58384370804 30.9069118606
4.62431430817 30.9242073758
3.96901917458 27.9985447229
3.63535904884 32.1792535481
3.57613611221 27.9883834603
4.48621177673 27.6540469504
5.70166492462 29.4957053537
5.63241624832 30.1833083152
6.12814044952 31.0903513022
5.88229942322 29.3990161975
4.61957502365 29.006835688
4.44396781921 30.8576109255
4.12074184418 29.6949167548
5.64300346375 31.9250769391
4.97599601746 28.3613651978
5.65907526016 29.9329223568
5.55422496796 30.1554401725
5.27418375015 33.3444734053
6.12201404572 32.3611380365
6.56536483765 31.3654386965
6.60640954971 30.068698275
6.28602075577 29.8208283938
5.83677053452 28.4515579949
5.26837921143 27.4238344248
5.72410535812 29.8111137808
5.51404237747 28.5145793659
5.36496353149 33.1296377366
5.34054851532 31.3223330472
4.87642812729 32.2514184916
4.18191576004 28.5171892818
4.83774995804 32.2305677333
4.46439027786 28.1359400494
5.01792478561 27.8376765032
4.205078125 31.5930318962
5.22233009338 26.9203977877
5.7513923645 28.9215708616
5.41199016571 26.2660854979
6.28187561035 30.5674947764
6.34511184692 29.608715619
6.92975330353 31.9226753586
6.18922233582 30.1770725409
6.37940359116 31.4111796687
6.67565965652 30.6755136829
6.47987794876 28.4510852888
6.54908132553 31.2324255064
6.72745275497 32.8833454128
6.74849748611 31.6228309472
6.64768648148 30.2178003333
5.89306545258 27.2070357646
5.55547094345 28.3277509973
5.41567134857 27.8085021405
5.74667072296 26.2185869387
6.23258399963 29.2327424207
5.4730052948 26.115336341
5.50950527191 25.4810630717
5.99045801163 27.4805709628
5.91958284378 26.3347503457
5.03630781174 26.8903015627
5.69588422775 26.954078713
4.98217582703 25.002018165
5.55037689209 26.9335147754
4.06404876709 26.763300786
4.298391819 28.3519819891
5.12827014923 33.0459475855
3.70270991325 28.3433393242
4.23983430862 28.5889664947
4.70836257935 30.2436816566
5.30474805832 33.0952631872
5.67821788788 32.4935488899
4.67238855362 31.4522854856
4.60729265213 31.9425425683
4.92796945572 32.3941443075
5.14049434662 33.6665177616
4.51118707657 30.6740334535
4.57646512985 29.953062312
4.14283847809 31.0748791283
3.74740147591 26.8225950453
4.26452112198 30.4636401366
3.43499326706 29.421107324
3.75450158119 31.6387486576
3.57962560654 32.6274576523
3.79626345634 31.5307006896
3.45905399323 30.9685518854
3.11030197144 33.422996383
3.26299667358 30.72955115
3.0663690567 31.5088187404
3.47804737091 27.7914840165
3.09111690521 29.2316272936
3.44595599174 30.4894792751
3.8532948494 30.2510601063
4.73575353622 30.2399288641
4.58775281906 26.6632508565
4.53901767731 26.663432149
3.72135210037 28.612400701
4.22789478302 30.0452228879
4.61438035965 29.204315715
3.49497199059 29.2291877878
3.70069742203 30.7556376203
3.68206691742 30.1007724191
2.89561605453 29.2250598326
3.32432770729 29.6654814415
3.8981719017 29.4305567755
4.55652189255 26.2645040987
4.05539274216 27.6169385239
5.30741119385 29.9497333136
4.34113645554 26.8561742601
5.95484399796 28.6444043265
6.67934417725 27.2677937302
6.73409748077 28.8626561988
6.30434799194 28.4718431415
4.74779653549 28.8317807943
6.20471715927 31.5108810071
5.28247213364 30.0652256855
5.76989269257 29.2665431381
4.30718708038 25.80317614
4.43179368973 27.1341001874
4.22208118439 28.968533981
3.68299651146 26.2156009987
3.72149252892 25.738881982
4.12302064896 28.8937547362
3.90851640701 29.1688544028
5.6880197525 25.2708872114
4.95236682892 25.1092790291
5.63010311127 24.5538102186
5.89058732986 23.372648037
5.29785585403 24.5165026577
5.07996892929 24.2573865575
4.73648166656 24.7127241575
4.85473489761 24.0146387535
4.78608703613 24.5087114787
4.82461929321 24.4339307631
5.04066228867 24.9851020899
5.46855735779 29.8455526161
5.47828722 26.8634739512
4.69642305374 27.935952958
4.78344964981 25.2086692338
4.36137628555 28.2017024612
5.11752223969 27.4679899172
6.36549806595 29.5354001656
6.99917459488 31.9357363898
7.07029056549 33.8728084956
6.6874461174 33.0575853446
5.83406066895 31.6718169536
5.62873935699 30.6880451529
6.05800962448 30.8103140803
6.94232797623 31.6335633862
6.83400535583 32.1047819073
6.4443116188 33.9621477674
6.74377250671 34.456782357
5.8687081337 34.0571709876
6.65701341629 33.1355318746
6.17036676407 30.4288344791
6.21010684967 31.6048759412
6.53413152695 32.7662303808
6.12933826447 30.6494240949
5.93368577957 29.4657677391
5.88148641586 28.672910182
5.85068893433 27.8681129104
6.13404798508 27.8695800258
5.76969861984 29.916012814
5.21429920197 32.4420904964
4.85935735703 29.6719762051
4.58082675934 30.3719910864
5.55354690552 30.7670451841
6.12472915649 30.6958438138
5.79162883759 28.4961195602
5.99957084656 28.5227335354
6.09807348251 27.8363881038
4.81727743149 27.5000882724
5.06731271744 29.4116103853
4.26501655579 28.6213675913
5.03975725174 29.0368290392
4.05305290222 27.3021410051
3.58992362022 25.0932024911
3.54705786705 29.602280225
3.99187994003 28.7483248499
4.33428144455 27.8553910768
5.603515625 29.4454960547
5.14394950867 26.5591888107
6.18368864059 27.2335986316
5.71560335159 27.8246285798
4.77968740463 33.8407682947
3.68714666367 29.9082754787
3.68233275414 31.2596344496
4.18115663528 32.1177405642
4.13859653473 33.6170347372
4.27325677872 33.0516103258
4.23297452927 31.3034987506
4.804915905 33.8498968812
4.93410921097 33.0606154443
5.30184078217 32.1221570912
5.55573892593 31.74936754
4.9392375946 33.4250620362
5.67445135117 32.3889645997
5.91420602798 31.9314866253
6.3437795639 29.8945971292
5.82321643829 31.7248710095
5.75405931473 29.3702966932
6.34000062943 31.756715694
5.7970328331 30.3681584825
5.45153045654 31.527241255
5.08133554459 29.345957071
4.78857803345 30.345681348
4.93158721924 29.0390360742
4.98393583298 30.0689803096
5.07192277908 32.7174100493
5.09288406372 29.3510442652
5.01641511917 29.4131423085
5.8235874176 30.2528460248
6.15069580078 32.3429561077
5.7610373497 33.9590658584
4.80647420883 28.9478331317
4.74637460709 29.8974605723
4.66637468338 29.5418201194
5.70277357101 32.5702699529
4.5468993187 30.6652926403
4.03799533844 32.9646858941
4.2119550705 31.3462232084
4.19464445114 29.6810060524
4.04931545258 31.1743114639
4.29256248474 31.5065903021
4.79556465149 30.4255944662
4.64177417755 28.9737394392
4.76133441925 28.9187932665
5.27657318115 27.8856141862
5.53973913193 29.420753827
4.78135156631 26.0656998623
5.31746435165 26.7103042721
5.33239078522 26.811072927
5.52062654495 27.7457507522
5.531873703 29.3637305235
5.56910085678 31.487261674
5.09948730469 29.9402624065
4.96963310242 31.1326570975
5.6468372345 28.6847634754
5.53794002533 27.4892778952
5.64726257324 27.8827961533
5.47464561462 28.8073747658
4.85151863098 29.7400279675
3.89049267769 28.37586239
4.18172121048 28.931443671
4.72286176682 28.0810389727
5.10498762131 29.0077456235
4.58532905579 29.451480383
5.08266067505 27.2118103766
5.37262916565 26.1620316818
5.27217197418 27.4203082557
5.11076211929 28.0272306537
4.23934602737 28.0565439783
4.53576421738 28.3471730042
5.39598703384 27.111250462
5.32801103592 29.1226095634
6.01950073242 30.3422829191
5.96333837509 28.9590813195
6.76612281799 30.7884848294
6.93582296371 31.8654829113
6.02742195129 30.0478760525
4.9657702446 31.1819769064
4.59921979904 25.3310124522
5.32755231857 27.6882679483
4.63506555557 29.2180774819
4.59554052353 27.6805890687
3.98386955261 29.7663098207
4.09161043167 29.3357605435
4.35378265381 31.3357326702
3.43440032005 33.8565673012
4.10817527771 33.1669942187
3.27941060066 33.977048452
3.1388862133 34.3134131792
3.53182864189 33.7808054605
3.51001310349 32.7019133773
4.27039766312 35.5461332433
3.84415960312 31.2243447242
4.27075910568 30.5552446558
5.012840271 29.9429676165
5.06653833389 29.0281906594
5.94268321991 31.3108981495
5.22628545761 27.8833491691
6.0137758255 28.1332462896
5.15987968445 27.2835510789
5.28999519348 27.7300937654
4.72260475159 29.8820710069
4.61063146591 26.1701203726
4.93743467331 25.2396095241
5.10748815536 26.1719234073
5.3631734848 25.4547128995
5.20877599716 26.1041625261
5.50721073151 26.1639235795
5.34668827057 26.4295907887
6.25186920166 26.2244904424
6.10213375092 27.3757803822
6.43302726746 29.3019319659
5.11762619019 23.0998789305
6.02050590515 26.0042030024
5.62970018387 25.7001148463
6.71785593033 26.6424766953
6.58082818985 25.0166566571
6.48350334167 28.7200547447
4.96632385254 28.1882053449
5.16559362411 28.5069544655
5.31102848053 30.5621255152
4.81087446213 27.1211402647
4.37688493729 29.3768399608
4.20389223099 28.7807521964
4.29308843613 28.810612267
4.36462545395 27.9995626411
5.09808158875 29.4179415857
5.15372371674 30.6135215247
5.44147539139 29.7187532704
5.92073440552 28.529683241
6.06060361862 27.5662744691
6.30684995651 28.7539612894
5.54135036469 28.335658038
5.84849119186 28.7182463283
5.25386095047 30.3509458385
5.23711252213 27.6363210156
6.84831380844 30.9626464081
6.86420488358 33.5278481519
6.49724435806 33.3066062841
5.81922578812 26.5500901037
5.71948862076 28.8909110843
5.1138920784 28.4754084795
4.921646595 28.3326257413
5.57872104645 32.119042467
4.20284605026 31.3217713691
4.59869527817 29.1045765523
3.81600213051 29.2145656295
5.04934263229 31.2551086205
4.99897050858 29.9411423609
4.43086004257 30.3020272579
3.56473851204 31.7544560007
3.88529109955 29.0838364768
4.05097723007 30.1874243028
4.63070964813 28.4688657596
4.05949211121 29.108638537
4.25547981262 30.0553117853
4.96146011353 30.6599472254
4.18754196167 31.0209389773
4.79276132584 27.6902088945
5.72058486938 28.2722563373
6.35117816925 29.2797195231
6.59115886688 29.4626297115
6.09914779663 28.5691677381
7.18510961533 32.4995666384
6.00480079651 26.6594019538
6.47345542908 27.2664691057
5.58742523193 27.0395509004
5.26061964035 27.1514767273
5.76994466782 28.0926425027
5.57614469528 25.9689500251
5.97626638412 27.8635701703
5.55468893051 26.9208431061
5.61503314972 27.0925100712
5.58980798721 26.8348560547
5.04552555084 27.6319203265
5.9165148735 28.1963745249
5.8900141716 27.5451669421
5.05745792389 26.840116175
4.87905311584 30.6786348895
4.84402704239 27.3648949312
5.48434972763 28.0481338196
5.65982341766 28.5079559712
5.63448953629 27.9082073031
5.3977432251 29.5750130978
4.96588659286 26.961040852
4.69274282455 28.7746839106
4.25660896301 28.2162643929
4.38833808899 30.4837813266
3.92049360275 28.5144540085
4.30171728134 29.9713138558
4.3943605423 29.5192774926
4.51949691772 31.8836773266
3.85584425926 29.6048595537
3.66981124878 27.905359186
4.05016374588 29.6455285353
4.04347896576 30.9748705055
4.70017766953 28.7388462569
3.84935545921 27.119997535
4.92233085632 29.3989409583
4.61248540878 28.4086392126
4.99450063705 27.7107534985
5.09469795227 25.6171182768
5.59233951569 26.4403475484
5.18238115311 25.3231620701
5.56658983231 27.0818194641
5.13502645493 24.8994849246
5.25229978561 28.3285536948
4.97598075867 29.2668608282
5.40362215042 31.1859445288
5.68140649796 30.2650592267
6.02404546738 29.9367598284
5.87422800064 28.829547525
5.4862704277 28.4068198024
6.21193313599 28.9702872778
6.13193893433 29.9790053219
4.92223358154 27.0179589724
5.34543704987 27.4848166249
5.82803153992 28.7150068117
5.33641195297 28.1832813612
4.99684429169 25.7469247429
4.79379177094 25.4163343885
6.34102106094 31.3755131504
6.04938268661 29.6143126125
5.2439198494 28.2709447757
4.82013225555 25.0803140355
5.25815296173 28.0869482759
4.91279935837 25.7159339239
4.61840677261 26.9454333551
4.87316656113 24.8057324984
5.09365320206 27.1248419485
5.06303215027 27.349763742
5.26042890549 26.7407935695
5.66389656067 27.2900789067
5.48629713058 27.2380092594
5.68643331528 25.1511708512
4.9913816452 25.9094918167
4.60556364059 28.9296373347
4.65759468079 26.8644077717
5.2458114624 28.1879152718
5.48280906677 25.8564651784
5.9875087738 28.880660032
5.46967220306 27.7755962896
6.0476269722 27.9944276694
6.11455774307 26.8203615097
6.25625085831 27.0553935134
6.89753293991 30.4548919967
6.88451290131 29.1950301467
6.13291358948 26.8587838172
5.69786930084 27.5891894921
5.41612625122 26.4469471084
4.75586795807 25.2389015573
4.837703228 26.2379896738
5.32056522369 24.7673706128
5.3064031601 29.0482007558
5.51211881638 29.3886159775
6.37984991074 30.0098463018
6.83426523209 26.8833652239
5.35984325409 27.8526188928
5.27422428131 25.9306546322
5.83327245712 28.0451449707
5.53056383133 26.9283082817
5.77694368362 28.0924858745
5.23966550827 26.9487173615
5.26524066925 28.9946995419
5.14370822906 28.5545853498
4.92716121674 25.7141046928
5.38744926453 27.9562405202
4.35060930252 25.1150047897
4.55765104294 26.2608859514
5.77848672867 31.2683628175
4.38679885864 27.0144646536
4.59391880035 26.9405277509
4.60209846497 26.4726025863
4.23215818405 26.1838618366
4.03759002686 27.0996855871
5.88344526291 30.0228075717
4.89968681335 28.4666839045
4.67449092865 27.552362012
4.33016872406 27.5708064688
4.20316839218 26.8955433997
4.38677549362 26.8368783745
4.40075206757 29.7247497555
5.95336484909 29.6541364518
5.96987581253 32.3241791135
7.39445495605 35.1141242475
6.80180931091 33.6231020294
6.18697071075 33.3726434933
5.35486268997 32.2376827276
4.77022171021 29.538862069
4.9844865799 29.6924911714
4.16085481644 28.9303673992
4.61067819595 29.8028695959
4.06046819687 27.8958435309
4.62553310394 30.68771191
4.4918551445 29.676881354
3.97085118294 28.9633168877
3.89185404778 29.1856247041
4.26194524765 26.8594154078
4.08744907379 27.400329722
4.63663768768 28.7806064053
4.13126707077 28.6818547054
3.64147305489 28.7484184114
3.53302025795 30.152113315
3.64232993126 28.8920443963
4.17846393585 29.2032662967
3.48735952377 27.5469831158
4.33269023895 27.5216164021
4.28129291534 24.879544275
4.34936141968 27.2754441093
4.05549907684 29.9648837909
5.53049278259 31.6331348434
4.58877420425 30.3549225676
4.30492973328 30.5358214954
4.08263587952 29.7567384137
4.44742679596 30.2615050121
5.24531793594 29.4216629632
4.45049953461 29.7867330343
3.78061556816 28.9962361296
3.82220411301 28.8922310145
4.2377114296 32.208350951
3.85792946815 29.568932535
4.36738157272 26.0370736196
4.66106414795 27.917627981
4.04105997086 26.8587964662
3.98781609535 26.6423266314
4.65206480026 28.3997727354
3.57357168198 26.5383577809
3.82222008705 28.1523939361
3.51340913773 27.0036606912
3.45517754555 27.7281162083
3.81408119202 25.5748302822
3.47833275795 25.5204785169
3.98156094551 27.9741485923
4.48302841187 27.4224929769
4.32777690887 24.6824624358
4.13192796707 28.7381524531
4.49844646454 27.8014114233
4.67430019379 28.4024181752
4.23703670502 30.640834383
4.41987657547 27.6691880295
4.68266057968 30.0067175512
4.81303453445 28.5874873668
4.88063240051 29.062266233
4.87715530396 28.4996747597
5.60118579865 26.1088316635
5.03732156754 27.3168212811
4.69231700897 27.7043067877
4.01760625839 28.0205042973
4.06027698517 30.9959297627
4.10009336472 30.4129717682
4.55231618881 31.2803942024
4.60203695297 31.4731239781
5.0542383194 30.4042687194
5.0478053093 27.4528446812
5.10379600525 28.6699182239
5.37968301773 29.4579441682
5.28672456741 28.0569328656
4.87267208099 25.2241260857
5.372859478 26.1537097563
5.60762357712 25.7613899448
5.25854301453 25.4738143033
5.19599723816 25.6689709029
4.86566209793 25.7572714746
5.36102437973 26.9202703478
5.33827829361 24.2256299206
5.04915952682 24.5384615819
5.44479179382 27.3543626769
5.69883012772 29.6615253005
5.11626577377 30.0093139673
4.91268157959 29.2615246249
4.86001396179 28.4594934117
5.33007955551 27.7122419316
5.13272714615 25.9073485288
4.85231876373 26.4643600054
4.84260749817 28.5497365224
3.97571516037 29.1435980764
4.07921934128 31.8119725792
4.07964038849 28.9938641368
4.52207279205 31.8951754526
5.65420341492 35.7236275128
4.52892160416 32.5853221197
4.81107759476 32.5048472811
5.25019454956 30.6522228019
4.76553869247 30.1742307083
4.54022455215 29.9089389863
4.46797609329 30.1826577662
3.98045372963 29.0491698505
4.36663722992 29.9697745399
4.71758079529 30.2822587712
4.54211568832 28.7139663187
4.46272373199 29.0860184745
4.53032159805 31.0315287842
3.77911496162 29.0890669177
4.69206047058 29.9679332337
4.46666145325 27.9346132707
4.10713338852 26.7515081504
3.77053260803 23.8779413824
3.77724647522 24.0837769929
4.18142747879 23.6554691123
4.46415758133 24.9091084818
4.33386611938 27.1534054561
4.30829620361 25.9290856809
4.6023144722 20.9043520421
