RMSD between current and native structures
rmsd 		score
9.42932224274 47.2393363492
4.73212718964 30.7887917143
4.65499734879 31.0581141303
5.36384534836 26.025490734
6.07294750214 24.0739872992
6.21445798874 23.7680921703
6.17322731018 23.9491427278
6.29000234604 24.4724969567
6.23507404327 23.9702340653
6.2672123909 23.8246008916
6.40157842636 23.2408669335
6.52805805206 23.3865471785
6.40921449661 22.8676964329
6.80008459091 22.7087954126
6.60437917709 22.176866052
6.65478944778 22.1730873421
6.65620136261 22.1032437684
6.73964643478 21.946620818
6.68090391159 22.0538324052
6.55349063873 21.842425366
6.42526531219 21.8903362534
6.4056687355 22.0902799027
6.32900285721 21.9115399395
6.19746732712 22.0810547138
6.48728656769 21.7246209821
6.48538684845 21.781311209
6.57105112076 21.723193668
6.63290166855 21.8075564583
6.72609949112 22.006197695
6.64385461807 21.8815479153
6.59061956406 22.1579507476
6.56688547134 21.874427075
6.54403781891 21.8885584297
6.60839605331 21.9174570836
6.52881717682 21.8909074926
6.49334478378 22.0639301932
6.49184608459 21.9661610748
6.48566436768 22.3620888587
6.46710062027 21.9334159539
6.48939418793 21.8523388902
6.51380491257 22.0363428282
6.47589921951 22.0325395937
6.55140924454 21.7070250473
6.4474773407 21.6993050805
6.52272701263 21.5360892198
6.47428846359 21.6996786059
6.5285692215 21.0817018013
6.20599746704 21.2397522442
6.14040660858 21.411588639
6.22722291946 21.4894735141
6.20400047302 21.5209235161
6.17848205566 21.5008361157
6.29177427292 21.1451470993
6.34285163879 20.9695520349
6.40501880646 21.1585920129
6.30671930313 21.6985764242
6.42385196686 20.9224364203
6.41293382645 21.4065303852
6.03179693222 21.5193966344
6.22038173676 21.0422999727
6.1852145195 20.8664000762
6.18442869186 21.0287702243
6.2193903923 20.8844635796
6.15716218948 21.1459869047
6.14743757248 20.9121321421
6.25884199142 21.0496033926
6.14728546143 21.2094495957
6.27119207382 20.8429599642
6.32689189911 21.2274603164
6.19401502609 20.6981946873
6.27645349503 20.9408048254
6.39683008194 21.2808158872
6.21401596069 21.1098330898
6.25828027725 20.9698888447
6.42308807373 21.1710416909
6.26274728775 20.9138520529
6.29167842865 21.0421112291
6.29914474487 21.1862102069
6.2678771019 21.1657510003
6.12988615036 21.1870041086
6.22135877609 21.2601019942
6.21957349777 20.8649735808
6.21899652481 21.0165307356
6.25594806671 20.7822544455
6.13111495972 20.9912937032
6.15620708466 20.8606842387
6.10637140274 20.9529198712
6.11102485657 20.9357597703
6.01275253296 21.0378682875
6.10183095932 21.035351983
6.00585365295 20.5514774351
5.98626899719 20.3762136778
5.89371681213 20.8148952655
6.09227180481 20.49084524
5.92448186874 20.4553241154
6.16123485565 20.665445711
5.97339391708 20.5005058997
6.03014612198 20.7063706216
6.20105075836 20.6265139691
6.06978845596 20.5988769949
6.01432275772 20.3997040376
6.16003465652 20.6330976301
6.19254589081 20.9054298845
6.23322248459 20.7173257254
6.28129911423 20.5402492229
6.12332201004 20.1593131605
6.16005849838 20.5596598262
6.10615110397 20.5783279467
6.13332843781 20.293804631
6.14595937729 20.2646599406
6.20717430115 20.2978507307
6.20436954498 20.5831678498
6.32237005234 20.6374778181
6.34062004089 20.6889575642
6.13286542892 20.4330144055
6.1951584816 20.7460300019
6.23075771332 20.2489086863
6.09401226044 20.3963353576
6.06847429276 20.3873361883
6.10914564133 20.4825317519
6.09203910828 20.2902429718
6.10939645767 20.3061397412
6.04648113251 20.1956127844
5.91149330139 20.6786465393
5.99673461914 20.4051294584
6.07337713242 20.3052584106
6.08603239059 20.086263883
6.20064258575 20.0850841258
6.14403486252 20.5391870949
6.23780345917 20.2377939253
6.20447492599 20.2362125408
6.14890670776 20.4319341183
6.20161628723 20.5139812336
6.16023826599 20.6650050607
6.1396279335 20.4785591936
6.11549949646 20.4506694681
6.07923793793 20.3103204561
5.98356342316 20.6956463518
5.93037652969 20.5927625876
5.92213964462 20.3485063968
5.94646787643 20.4853013299
5.82656764984 20.6525510717
5.81575489044 20.7203666869
5.81930780411 20.684239807
5.92557573318 20.3833470089
5.98362922668 20.6591653369
6.0367026329 20.619012297
6.0981259346 20.6916842415
5.99898862839 20.5505290185
6.00967121124 20.387903266
6.03936481476 20.3108173117
5.91700077057 21.0586079387
5.85095643997 21.2281988967
5.89212846756 20.4734605529
6.16513729095 20.2864227336
6.15363311768 21.6810683018
6.19526910782 20.6776334857
5.86890602112 20.6897346968
5.81083631516 21.4891514515
5.98637056351 20.9290537099
6.10617113113 20.637192751
6.20025634766 21.1627844445
6.12260770798 21.2839272401
5.99468421936 20.7503925699
6.15731525421 21.0085143594
6.17875289917 20.8262971198
6.18401479721 21.0671333925
6.2919383049 21.174823149
6.31001234055 20.9750478321
6.10511779785 19.9235986027
