RMSD between current and native structures
rmsd 		score
0.98924434185 25.2090638545
1.08770084381 25.296085341
1.23869478703 25.5418293033
1.26590967178 25.9019247705
1.15923964977 25.1692778513
1.32035207748 24.8645694211
1.23926603794 25.2083845193
1.06797802448 25.2084915627
1.54004335403 23.9417758783
1.68889939785 25.1660417547
1.78132307529 24.3788912126
1.82274699211 24.3376899665
1.74336600304 23.8458770808
1.56845629215 25.6292176774
1.82440853119 23.3488816657
1.80972003937 23.0492079894
1.76119434834 23.9511920509
1.91308236122 24.5041047178
1.92714953423 23.3883581824
1.92866754532 24.4358844814
1.89359426498 24.3236350895
1.88858771324 24.2775684268
1.75345349312 23.7213744921
1.67931902409 23.9179249377
1.67080843449 24.0520337136
1.74824965 25.1674738735
1.78124523163 23.4237845179
1.79219162464 23.6014214038
1.66533541679 23.5073999537
1.68020439148 23.3216232252
1.717187047 24.2371914637
1.56168031693 25.065697705
1.77348148823 25.1666247065
1.74109148979 24.4923886613
1.74445521832 24.9259964248
1.70980465412 23.8761526927
1.73371577263 24.5119250699
1.55495536327 24.6764949866
1.79051065445 23.5288059526
1.73250830173 24.0724002554
1.98686015606 23.8939790213
1.8373336792 23.9005154764
1.95040631294 24.2105693623
1.76694393158 23.6371293511
2.01787257195 25.1012537044
1.91920530796 23.9031575093
1.72673797607 24.2049036357
1.83215796947 23.1893032017
1.94580852985 24.1960749664
1.97983276844 25.3477693427
1.89478754997 23.2875955893
1.90116417408 23.4627348855
1.62262368202 24.2836674225
2.00887751579 23.8558534554
1.8765617609 23.7388694731
1.90037202835 24.168721781
1.82100641727 24.6310718364
1.91631436348 24.2488704138
1.92048442364 24.7821260391
1.8568533659 24.5145922481
1.9128497839 23.9509546178
1.93179285526 23.9390068608
1.9298222065 23.9951075528
1.92125833035 24.133427598
1.84076607227 23.6685397483
1.9037361145 24.3618973629
1.89909076691 23.6161332388
1.94932162762 23.9167281998
1.93376219273 24.1594775973
1.98347210884 23.101542601
1.97121298313 22.7198828443
1.85250270367 24.4651517607
2.01781654358 22.7241381344
2.00675439835 23.8210774233
2.00362443924 24.277691302
1.88115298748 23.6646407418
1.97592711449 24.1619077715
1.96681928635 24.1320915493
2.14498496056 25.3379773514
2.04062151909 24.9410307449
2.0823392868 24.1734677352
1.96893024445 24.1239139026
1.95179402828 24.5181336131
2.02718234062 24.9554494449
1.95597422123 24.2043926516
1.82339525223 23.5295584374
1.85254526138 24.6332601061
1.971565485 23.5018585898
1.81871747971 24.4165678304
1.96794438362 23.6115285208
1.81634700298 24.4980994455
1.83630549908 25.0404417995
1.7821239233 24.3463180085
1.88056921959 24.004142879
1.96981298923 24.484357477
1.95321285725 23.8022643424
2.15990972519 24.7724890376
2.15064024925 22.9293034748
2.13266348839 23.7725515373
2.12129330635 25.6489249439
2.06614279747 24.483621932
2.05384492874 23.6392163692
1.98375344276 24.7719815748
2.15805768967 23.0601778294
2.11475968361 23.4091109091
1.99465966225 23.6525007347
2.0262389183 23.4096112549
2.04828023911 23.2145131894
1.88853681087 22.9379099003
1.92698585987 23.6760128006
1.87061965466 23.7930982283
1.97266721725 23.6144653061
2.01924586296 24.2338927799
1.90838611126 25.773899081
1.94130778313 23.6320850686
1.88760674 23.2531346596
2.00647568703 23.8486618038
1.83879840374 24.4995403544
1.84375917912 24.7774088426
1.95689249039 23.5735157755
1.89952492714 23.9755699853
1.44601011276 25.3824855032
1.5333327055 24.0730369848
1.83060073853 23.5433574551
1.89233016968 23.5993698313
2.00071883202 24.6629133336
1.86052548885 23.7015293474
1.88769996166 23.2263985038
1.77164280415 24.5202403846
2.00701999664 23.8589308765
1.85402703285 23.9686385288
1.94160962105 23.848747667
1.94809377193 24.9369953151
2.06883597374 25.004863637
1.92565739155 24.3195098475
1.82585728168 25.1165959055
1.88568723202 24.0910099345
1.94145929813 24.7133023166
1.70591914654 24.3207617734
1.52959752083 24.4299703229
1.80367660522 24.0170672796
1.95460426807 24.0818649118
2.01154780388 23.8845044709
2.04248571396 24.0123531738
1.85169911385 24.5530261736
1.90403556824 24.0473076719
1.99424374104 25.0409712758
1.97156703472 23.7623324105
1.82669603825 24.237302642
1.96402359009 23.3769477991
2.08868789673 24.7372983076
1.81807255745 24.9870006501
1.91027653217 24.6101135067
1.88320183754 23.6014936504
1.69750130177 26.1967088608
1.89762187004 24.6062511005
1.68649458885 25.2296580323
1.94896507263 24.2378981443
1.97121334076 23.6778859503
1.51745092869 24.7057867047
1.66898262501 24.0297714468
1.88833618164 24.7674546878
1.64277553558 24.4283683759
1.74244296551 24.9851891217
1.78566002846 24.0204048534
1.49327290058 24.4426933657
1.90331268311 24.8807621323
1.90898787975 24.8207787198
1.7959227562 24.9106298832
1.97801291943 22.6087703573
